325 9 219 83 19 4
35 5 192 7 4 411 5 200 43 357 43 128 43 394 43 426 7 4 113 62 72 254 323 191 74 23 326 24 386 18 4
25 5 446 93 62 7 10 8
103 9 84 292 20 22 4 93 9 25 5 84 301 17 6 8
25 5 137 69 78 12 6 7 10 8
382 361 7 10 8 4
30 17 21 7 10 9 104 221 291 6 309 7 10 8
113 80 9 42 5 25 6 353 7 11 4
26 9 70 4
42 5 395 17 110 7 18 44 42 5 143 7 10 8
75 5 181 226 7 10 8
126 24 5 375 7 11 4
71 341 9 152 4
133 359 7 18 4
25 5 185 127 14 286 94 6 7 10 8
218 39 408 6 7 10 8
38 8 216 6 403 14 140 61 94 6 8
25 5 393 13 59 7 10 8
84 60 56 16 19 10 8
168 4 378 81 23 228 14 81 9 28 23 342 14 40 284 193 4
26 4
26 70 4
80 5 76 432 14 145 16 27 19 10 8
38 7 10 8 29 179 283 14 145 16 63 21 7 10 8
105 14 96 16 19 10 8
132 9 234 201 129 27 37 12 18 4 267 9 176 130 14 198 16 4
42 11 4
49 37 12 4 130 14 237 65 54 44
42 5 58 6 148 20 11 4
274 9 82 11 4 28 5 58 6 401 72 58 347 74 20 11 4
58 5 106 8
45 4 34 148 72 247 74 5 175 41 11 4
434 55 9 58 24 423 20 11 18 8
38 8 28 5 196 18 4
35 5 324 170 23 343 14 367 19 11 4 25 5 106 7 10 8
38 8
132 9 91 195 21 7 18 4
26 4 31 5 239 15 387 24 27 19 4 101 296 15 5 91 6 443 305 13 312 19 4
79 9 68 31 5 464 15 5 383 15 100 19 4
317 61 9 311 331 9 28 23 208 23 392 14 36 16 27 19 4
461 23 233 161 56 16 19 4
121 8
49 51 21 4 368 31 5 442 6 53 60 85 51 21 4
34 178 5 46 7 10 8
48 5 66 391 7 18 4 29 372 17 21 7 10 8 48 5 345 7 10 8
38 7 10 8 8
26 9 329 36 19 4 241 13 82 6 7 4
76 5 164 40 87 7 18 4 28 23 9 227 39 82 21 7 11 4
67 24 5 458 7 245 9 158 24 5 430 7 18 4
35 77 5 131 163 14 85 19 4
26 4 48 6 126 5 180 450 7 4 48 5 76 137 24 92 14 36 16 27 19 4
412 9 131 163 7 11 4
57 6 339 15 33 22 11 4
295 6 355 15 33 256 41 4
25 6 209 15 381 64 22 11 4
264 4
272 9 28 5 188 7 18 4 25 6 7 10 8
35 5 101 186 6 416 62 13 59 7 11 4 28 5 46 6 57 17 6 7 10 8
118 15 39 133 57 56 16 19 10 8
103 9 268 161 56 64 22 4 35 66 59 17 6 4
79 9 421 41 22 4
125 5 396 427 261 313 6 255 99 17 142 107 14 50 16 27 19 4
144 159 5 105 14 404 16 63 6 150 8
104 455 50 65 54 4
147 5 262 20 11 4
197 4 81 39 429 64 4
26 9 52 19 4
75 5 46 7 10 8
79 9 436 41 7 4 31 5 46 7 10 8
462 4 304 52 37 12 4
199 9 172 51 21 11 4 30 20 9 34 310 15 5 91 6 67 142 107 13 33 21 7 11 4 100 65 54 44
26 9 52 19 4 35 77 5 34 402 13 124 24 9 463 6 73 13 166 16 27 19 4
115 23 115 6 155 7 18 4 135 6 155 5 330 53 13 52 51 21 4 280 17 6 7 4
146 15 143 13 33 384 9 66 449 37 12 44
90 9 300 257 20 22 11 4 146 60 140 16 37 12 18 4
34 135 5 117 15 39 111 16 41 22 4 68 25 77 23 67 6 333 14 212 22 4
45 4 66 229 22 4
160 251 250 65 54 18 9 93 62 4
151 119 16 44 9 9 9 407 22 9 100 65 54 4
447 14 269 16 27 12 6 11 4
45 4 153 9 435 215 433 24 275 12 6 11 4
49 37 12 4 26 9 70 4
303 7 4
40 388 7 4
380 15 33 214 6 108 7 4
45 83 19 4
405 354 314 15 111 12 22 4 419 15 236 156 6 4
349 12 22 4 68 116 12 22 4 120 6 194 14 299 54 23 36 12 21 20 369 9 52 259 12 22 4
420 30 18 4 28 60 39 410 156 22 4
90 9 45 83 19 4
444 14 365 6 7 10 8
49 37 12 4 68 428 13 49 51 21 4
223 6 302 15 5 406 13 33 55 56 16 12 8
28 5 134 89 17 6 11 4
454 6 162 6 89 55 53 4 134 89 5 460 23 308 22 4
40 73 6 377 13 397 17 362 14 94 21 20 11 4
30 4 68 244 17 437 20 11 4 231 40 88 136 17 21 20 4
33 11 4 253 13 40 88 23 9 334 13 40 88 4 332 5 147 14 298 17 243 24 348 6 102 4
187 9 47 5 315 13 97 11 4
47 5 9 9 9 98 13 97 10 17 4 50 307 39 41 17 4
441 9 98 20 11 287 44
224 9 32 5 98 13 97 55 141 12 11 18 44 8
45 9 220 4 35 5 276 13 124 17 6 9 356 25 6 57 5 66 417 12 22 4
38 8
34 110 39 160 316 73 445 230 95 12 6 7 10 8
344 157 95 12 182 17 6 7 10 8 34 57 15 157 95 12 123 13 358 16 27 19 10 8
30 17 6 7 18 4 101 87 15 5 9 67 6 351 5 232 24 238 320 12 6 7 4
451 27 144 159 9 32 5 92 265 15 290 36 16 63 21 20 11 18 8
32 6 206 6 279 13 32 6 53 14 138 16 139 12 6 102 4 31 13 158 15 27 12 415 15 9 31 5 47 15 92 14 138 16 139 16 360 20 11 4
171 40 123 439 10 17 4 76 24 5 31 5 260 67 6 72 327 6 74 108 15 322 11 4
364 15 328 9 222 9 9 9 338 5 120 235 289 6 154 17 6 8
252 5 465 50 12 8
90 9 374 10 6 154 5 271 346 36 12 22 4 151 136 337 418 18 4
452 453 55 204 390 318 52 41 438 4
28 5 30 20 18 4 165 6 87 6 162 15 9 336 36 16 217 53 13 266 17 21 20 11 18 8
184 399 8
32 5 340 15 457 13 33 6 8
125 6 456 6 29 277 10 5 167 61 9 85 61 9 389 5 366 14 350 61 225 211 11 4
32 6 141 64 53 5 270 11 4 47 77 6 202 13 246 15 190 16 63 21 20 4
47 5 153 400 99 17 109 14 50 12 11 4
242 62 6 371 60 6 109 20 11 4
30 30 4 48 5 440 24 422 306 23 173 14 413 16 352 12 363 99 273 20 11 4
71 4 35 5 203 86 7 4
86 11 4 128 43 376 43 459 43 278 11 4
152 249
71 9 379 7 4 25 5 207 7 11 18 8
373 69 78 12 6 7 10 8
116 12 11 4 32 5 8
38 8 26 70 4
42 5 282 7 4 240 69 78 12 6 7 4
79 9 75 5 370 7 4
42 5 29 7 10 8
121 8
75 5 29 7 10 8
112 13 86 7 4 48 5 448 13 210 7 4
26 30 7 4 112 13 425 80 7 4
32 5 385 13 59 7 10 8
38 8 127 5 293 19 10 8
32 5 431 15 29 14 96 16 63 6 8
248 213 13 59 17 6 8
285 13 258 12 11 4
205 81 23 281 14 29 409 10 96 64 11 4
29 10 122 13 114 150 8
29 189 6 122 13 114 6 8
29 10 118 15 5 8
34 297 14 50 16 4
119 16 4
414 129 335 4 169 15 263 36 288 4
71 9 398 80 4 424 5 319 294 183 7 10 8
149 177 5 46 7 10 8
31 5 117 69 78 12 6 7 10 8
149 174 6 73 5 46 7 10 8 47 5 31 14 321 51 21 4
49 37 12 4
