221 54 15 4
91 34 13 4
22 9 27 8 4 68 46 303 17 71 4
22 4
22 9 27 8 4
31 9 348 15 4 23 5 92 136 8 4
22 9 27 8 45
63 9 22 4 28 5 23 6 336 8 4
49 54 15 4
22 9 27 8 4
31 9 90 5 252 8 4
63 405 356 8 4
97 142 9 160
49 54 15 4
22 9 48 17 108 32 16 15 12 4
31 9 53 23 5 384 10 109 15 4
22 9 198 15 4
31 4 35 5 373 5 32 102 25 4 106 10 32 15 4
22 4 53 159 422 8 151 4
121 17 325 8 11 7
91 34 13 4 305 124 14 93 15 4
49 54 15 4 97 18 260 14 93 15 4 125 124 8 20 4
31 9 53 380 18 92 17 316 10 323 16 42 24 4
29 181 12 4
22 4 100 14 29 122 85 24 4
280 46 21 8 11 7
100 14 371 10 263 16 9 48 14 200 6 12 4
96 104 9 51 5 21 7
113 51 5 21 7 346 7
379 9 72 7 23 6 430 17 5 28 5 240 102 25 12 4
365 45 60 5 209 19 262 40 20 45
28 5 391 20 4
22 4 23 59 5 197 208 10 409 17 87 15 12 4
37 5 304 14 21 10 350 6 8 11 7
23 5 321 38 281 8 4
369 156 38 314 9 28 14 426 33 87 15 4
133 57 5 137 6 311 14 366 17 42 25 8 11 7
30 5 108 137 14 114 6 8 11 7
30 5 153 17 21 10 69 6 8 11 7
154 6 414 10 36 16 67 15 11 7
424 9 64 5 48 6 283 14 360 16 404 15 12 4
22 4 216 5 397 6 112 14 42 161 10 301 367 16 67 15 4 133 57 33 161 18 39 19 6 8 11 7
51 5 73 6 23 6 48 6 77 8 4
58 5 131 9 23 6 419 8 4 58 5 106 18 39 19 25 8 12 4
41 77 5 78 89 6 8 4 61 58 5 125 353 8 12 4
37 5 73 6 130 14 297 69 25 8 11 7
61 73 17 5 21 194 19 6 8 11 7
61 5 21 6 227 19 25 8 11 7
73 17 5 395 5 21 148 10 94 6 8 11 7 65 8 11 7
53 37 5 65 10 420 14 107 15 20 4 131 57 33 65 10 94 6 8 11 7
75 79 4 48 17 5 37 5 105 10 94 6 8 11 7 65 8 11 9 253 293 148 8 11 7
141 9 352 80 13 45 35 6 215 5 56 7
272 5 56 7
418 5 56 7
96 104 9 242 24 12 4
228 9 434 4 70 16 71 9 41 82 36 16 15 11 7
22 9 35 6 8 4 35 5 41 82 18 39 19 6 8 4
51 5 68 6 8 4
83 266 6 338 76 5 47 8 11 7 382 244 19 416 6 285 8 4
219 5 410 138 40 12 4 58 6 52 5 36 43 7
357 437 386 20 4 99 345 5 21 10 70 16 42 25 177 62 7
24 79 45 99 176 6 40 9 190 10 186 265 74 17 270 43 24 4
31 9 222 10 385 43 25 8 4
96 104 9 251 6 291 6 378 5 21 11 312 7
235 4 60 6 428 10 374 32 16 320 62 4
51 18 207 8 4 23 59 5 153 17 140 10 69 52 18 55 15 4 68 57 5 140 55 15 11 7
259 292 213 168 16 388 440 62 4 114 415 17 354 11 255 403 10 103 52 18 55 15 12 4
204 55 15 11 7
30 5 362 8 4 30 5 331 330 6 347 6 120 40 8 4
342 57 9 127 5 49 54 34 13 4
41 274 10 70 16 110 4 289 18 441 173 15 11 7
135 309 52 18 162 6 8 11 7
27 19 6 8 20 4
23 6 217 182 34 13 11 7
22 4 92 17 5 155 19 375 10 355 34 13 4 41 327 9 44 5 105 14 411 14 84 16 13 25 8 11 7
23 33 44 6 132 10 188 211 146 8 4
377 117 44 9 310 29 119 10 226 110 4
118 9 319 55 13 7 243 29 239 17 132 421 12 4
21 10 32 16 67 13 6 7
63 9 28 236 13 6 7 155 20 4
439 10 429 16 71 4
201 6 288 5 21 8 11 7
21 277 167 69 111 8 11 7
56 14 417 111 8 11 7
91 34 13 4 344 17 71 4
118 9 249 335 6 119 5 56 14 84 13 6 7
75 79 9 47 144 13 7
438 4 35 5 313 202 14 84 13 12 4 175 14 93 146 25 26 4
68 9 234 376 13 7
27 9 147 10 363 16 322 14 184 16 225 17 4
50 9 23 59 5 258 246 59 6 147 10 149 6 12 4
127 276 38 170 10 408 80 13 25 26 4 298 157 33 247 10 394 80 13 12 4
389 7 88 9 401 129 13 12 4
423 278 46 21 7
296 38 5 275 329 19 6 7
139 4 264 19 399 413 19 6 7
192 5 21 11 85 6 7
23 5 333 18 66 24 4
5 5 9 279 9 37 5 47 19 6 7
72 7
141 9 88 26 45
66 12 4 393 10 103 6 5 237 66 25 26 4 339 61 250 87 16 42 6 74 4 63 9 185 425 16 13 151 9 35 5 324 33 66 25 26 12 20 4
306 9 431 41 83 220 268 76 138 81 10 103 402 26 24 4
50 9 383 10 195 286 318 12 4 101 164 18 41 81 6 112 17 169 381 396 19 6 4
22 9 27 8 4
22 4 51 5 29 29 29 29 254 14 427 152 34 13 4
72 7 61 5 47 19 6 8 11 7
407 9 27 26 12 4 47 308 16 28 10 36 13 6 7
72 7 30 6 52 10 315 326 334 6 271 387 36 43 6 7
139 4 361 5 390 20 45
27 26 12 4 257 317 10 70 13 224 74 4 28 14 341 38 9 100 17 5 29 29 121 6 203 18 435 152 16 42 145 26 20 4
88 9 368 26 12 4 60 5 7
27 26 20 4 183 32 179 101 256 5 83 238 76 19 6 123 20 4
53 9 28 5 135 17 33 299 123 267 115 6 12 4
27 12 4 28 14 212 6 150 10 340 16 218 150 18 295 26 38 23 5 290 6 4
128 13 24 4 85 223 10 32 16 406 20 4
50 9 349 358 229 6 134 14 20 4 64 14 21 18 162 11 37 5 36 43 7
50 9 27 19 6 4 159 364 5 64 145 19 134 46 205 17 269 129 13 24 12 20 4
233 27 20 4
21 116 6 81 144 13 6 7
101 40 46 117 44 18 107 16 13 143 6 40 7
400 27 20 4
442 120 157 332 32 15
158 20 4 35 5 126 4 126 337 328 8 4
97 142 160 9 158 4
27 8 4 60 5 154 136 8 11 7
31 166 24 4 23 5 300 98 95 34 13 4
31 9 231 16 115 24 4 53 398 24 4
49 4
90 5 230 8 11 7
99 351 33 245 98 95 13 6 7
28 5 261 8 4
22 4 28 5 78 89 8 12 4
31 9 90 5 89 241 8 4
58 5 37 6 210 8 11 7
30 5 302 6 44 8 11 7
22 9 39 8 4 343 18 39 8 12 4
31 4 282 5 370 102 25 4 35 5 109 15 12 4
75 196 116 6 82 12 4 23 5 180 18 78 39 19 6 4
287 171 156 18 39 12 4 130 6 433 14 307 28 10 149 24 4
23 33 12 4 21 10 163 43 6 7
23 5 187 29 174 38 432 10 178 163 43 24 4
50 9 86 24 4
29 189 86 24 4 64 5 372 24 4
50 4 392 165 18 21 122 11 86 24 20 4
359 9 48 14 193 62 4
47 32 13 6 7
128 13 4 113 77 10 294 62 4
22 9 172 8 4 49 4
30 5 60 6 273 6 284 436 26 12 4 30 6 232 5 206 46 214 25 26 4
30 5 412 98 95 13 25 26 12 4
30 5 23 59 6 191 6 44 6 248 44 12 4
30 6 199 14 42 143 6 40 6 52 5 36 16 67 15 11 7
